17719 
17719 
17718 
17715 
17719 
17719 
17718 
17718 
17719 
17718 
17715 
17716 
17717 
17718 
17717 
17717 
17717 
17718 
17717 
17719 
17718 
17718 
17716 
17718 
20 
19 
18 
19 
20 
19 
18 
19 
3338 
17718 
17718 
17717 
17717 
17716 
17717 
17718 
17719 
17717 
17719 
17717 
17719 
17719 
17719 
17717 
17720 
17718 
17720 
17719 
17718 
17718 
17717 
17720 
17719 
17717 
17719 
5329 
17 
18 
18 
20 
19 
20 
20 
19 
16058 
17718 
17717 
17718 
17718 
17718 
17718 
17718 
17719 
17719 
17720 
17718 
17717 
17718 
17718 
17717 
17715 
17718 
17716 
17717 
17718 
17714 
17716 
17719 
17718 
17719 
10528 
19 
18 
20 
19 
19 
18 
18 
19 
9090 
17717 
17718 
17718 
17719 
17716 
17717 
17718 
17719 
17718 
17720 
17717 
17719 
17721 
17719 
17720 
17720 
17718 
17717 
17718 
17719 
17719 
17717 
17717 
17718 
17716 
17494 
19 
18 
18 
18 
20 
19 
19 
20 
3780 
17718 
17719 
17718 
17717 
17720 
17718 
17718 
17718 
17716 
17718 
17718 
17718 
17718 
17720 
17719 
17718 
17718 
17718 
17719 
17717 
17718 
17719 
17719 
17718 
17715 
17717 
4776 
18 
18 
17 
17 
19 
19 
18 
18 
16612 
17717 
17717 
17717 
17720 
17719 
17718 
17718 
17718 
17717 
17721 
17718 
17719 
17718 
17718 
17718 
17718 
17718 
17719 
17718 
17722 
17717 
17718 
17718 
17717 
17717 
9976 
20 
20 
18 
19 
19 
19 
19 
19 
9642 
17718 
17718 
17718 
17717 
17717 
17718 
17717 
17719 
17717 
17717 
17716 
17718 
17718 
17718 
17717 
17718 
17715 
17718 
17720 
17717 
17718 
17717 
17718 
17716 
17717 
16942 
19 
19 
20 
19 
18 
21 
19 
20 
4443 
17718 
17717 
17719 
17717 
17716 
17717 
17716 
17719 
17718 
17719 
17716 
17719 
17718 
17718 
17719 
17717 
17719 
17719 
17718 
17718 
17719 
17718 
17717 
17716 
17719 
17717 
4226 
20 
18 
20 
15 
18 
19 
19 
18 
17163 
17718 
17718 
17718 
17718 
17718 
17716 
17719 
17717 
17719 
17718 
17720 
17718 
17719 
17718 
17718 
17718 
17718 
17719 
17717 
17718 
17719 
17716 
17718 
17718 
17718 
9421 
20 
18 
20 
20 
20 
19 
19 
20 
10196 
17718 
17718 
17718 
17719 
17718 
17720 
17717 
17717 
17716 
17717 
17718 
17717 
17716 
17717 
17718 
17718 
17719 
17717 
17718 
17717 
17718 
17718 
17719 
17718 
17720 
16390 
18 
19 
18 
20 
19 
19 
20 
19 
4889 
17720 
17720 
17719 
17720 
17719 
17716 
17717 
17717 
17720 
17719 
17718 
17720 
17717 
17717 
17716 
17718 
17716 
17718 
17717 
17717 
17717 
17717 
17717 
17719 
17716 
17718 
3669 
18 
19 
20 
19 
19 
19 
19 
19 
17718 
17717 
17718 
17716 
17719 
17717 
17716 
17718 
17717 
17715 
17718 
17717 
17717 
17719 
17717 
17718 
17718 
17718 
17717 
17718 
17717 
17718 
17715 
17720 
17718 
17720 
8870 
19 
19 
18 
18 
19 
19 
17 
19 
10748 
17717 
17716 
17716 
17717 
17718 
17718 
17716 
17717 
17718 
17718 
17717 
17717 
17717 
17717 
17718 
17717 
17719 
17716 
17717 
17715 
17718 
17719 
17718 
17717 
17717 
15838 
18 
19 
18 
19 
20 
18 
18 
20 
5550 
17717 
17716 
17716 
17717 
17718 
17716 
17716 
17716 
17718 
17717 
17718 
17717 
17717 
17716 
17716 
17716 
17719 
17717 
17717 
17717 
17717 
17713 
17716 
17715 
17719 
17717 
3115 
19 
20 
19 
19 
20 
20 
20 
21 
17716 
17717 
17719 
17716 
17717 
17717 
17718 
17717 
17715 
17717 
17718 
17718 
17718 
17715 
17720 
17715 
17718 
17718 
17717 
17717 
17717 
17717 
17717 
17717 
17717 
17718 
8869 
20 
20 
19 
17 
18 
19 
19 
19 
11302 
17720 
17719 
17718 
17717 
17719 
17719 
17718 
17717 
17718 
17717 
17718 
17719 
17717 
17717 
17717 
17718 
17718 
17719 
17717 
17717 
17717 
17718 
17718 
17719 
17717 
15283 
18 
18 
20 
19 
19 
19 
21 
18 
5993 
17717 
17715 
17719 
17716 
17715 
17716 
17719 
17717 
17716 
17719 
17717 
17717 
17717 
17718 
17717 
17718 
17719 
17717 
17717 
17719 
17718 
17717 
17716 
17716 
17717 
17715 
2563 
20 
19 
18 
18 
18 
18 
19 
19 
17717 
17717 
17715 
17716 
17717 
17716 
17718 
17718 
17717 
17716 
17717 
17718 
17717 
17719 
17717 
17718 
17716 
17717 
17718 
17717 
17718 
17717 
17718 
17719 
17717 
17719 
8868 
18 
17 
19 
20 
19 
20 
20 
18 
11853 
17716 
17718 
17718 
17718 
17717 
17718 
17719 
17717 
17718 
17716 
17717 
17717 
17717 
17716 
17719 
17716 
17716 
17719 
17718 
17717 
17717 
17717 
17717 
17717 
17719 
14731 
21 
19 
22 
21 
20 
19 
20 
17 
6656 
17717 
17719 
17718 
17718 
17721 
17717 
17718 
17717 
17719 
17719 
17718 
17718 
17718 
17717 
17718 
17717 
17719 
17716 
17718 
17716 
17717 
17719 
17718 
17717 
17717 
17720 
2009 
19 
19 
19 
19 
20 
19 
18 
19 
17719 
17718 
17718 
17717 
17719 
17718 
17719 
17720 
17717 
17718 
17718 
17718 
17719 
17719 
17717 
17718 
17718 
17719 
17719 
17719 
17718 
17718 
17717 
17716 
17718 
17722 
8870 
18 
19 
18 
19 
19 
19 
19 
19 
12409 
17719 
17718 
17716 
17718 
17719 
17720 
17719 
17718 
17718 
17716 
17720 
17718 
17718 
17717 
17719 
17718 
17717 
17720 
17719 
17717 
17718 
17719 
17717 
17720 
17717 
14178 
19 
20 
18 
18 
19 
18 
19 
20 
7097 
17718 
17718 
17718 
17717 
17718 
17719 
17717 
17714 
17718 
17718 
17717 
17718 
17715 
17720 
17717 
17719 
17720 
17718 
17717 
17717 
17717 
17719 
17716 
17720 
17718 
17719 
1458 
20 
19 
19 
19 
19 
20 
19 
242 
17717 
17718 
17719 
17719 
17717 
17719 
17718 
17718 
17719 
17717 
17718 
17720 
17717 
17718 
17718 
17717 
17718 
17716 
17719 
17718 
17716 
17717 
17718 
17718 
17719 
17717 
8426 
20 
20 
18 
19 
20 
18 
22 
21 
12962 
17718 
17717 
17717 
17719 
17718 
17715 
17721 
17717 
17717 
17718 
17717 
17716 
17716 
17717 
17718 
17717 
17718 
17717 
17717 
17717 
17720 
17719 
17718 
17718 
17718 
13626 
21 
19 
18 
18 
21 
18 
19 
20 
7650 
17719 
17717 
17717 
17720 
17717 
17719 
17718 
17717 
17719 
17717 
17718 
17718 
17719 
17718 
17717 
17718 
17717 
17720 
17718 
17718 
17719 
17717 
17719 
17718 
17718 
17718 
905 
18 
19 
19 
19 
19 
18 
19 
683 
17717 
17717 
17717 
17717 
17716 
17719 
17718 
17716 
17718 
17719 
17718 
17718 
17719 
17720 
17716 
17718 
17718 
17720 
17718 
17719 
17718 
17716 
17719 
17716 
17718 
17718 
7875 
21 
22 
22 
19 
19 
20 
19 
18 
13513 
17718 
17718 
17719 
17718 
17719 
17716 
17718 
17717 
17718 
17719 
17717 
17718 
17716 
17719 
17717 
17717 
17715 
17718 
17718 
17718 
17717 
17719 
17717 
17717 
17716 
13072 
20 
18 
19 
17 
19 
19 
21 
18 
8204 
17719 
17718 
17717 
17717 
17719 
17719 
17721 
17721 
17718 
17718 
17715 
17717 
17719 
Data collection complete.
DONE!!!

BOOT: bootloader: pi exited.  cleaning up
